4294967279,99
4243767290,0
4294967294,520
4294967294,444
4294967294,428
4294967294,429
4294967294,993
4294967294,992
4294967294,1354
4294967294,431
4294967294,538
4294967294,423
4294967294,427
4294967279,185
4294967278,333
4294967279,96
4294967278,182
4294967278,290
4294967278,332
4294967279,182
4294967278,289
4294967279,181
4294967278,331
4294967279,93
4294967294,1217
4294967294,1216
4294967294,1177
4294967294,1169
4294967294,1167
4294967294,1164
4294967294,1162
4294967294,1161
4294967294,1160
4294967294,1159
4294967294,1001
4294967279,180
4294967278,330
4294967279,179
4294967278,329
4294967294,169
4294967294,175
4294967294,173
4294967294,30
4294967294,160
4294967294,113
4294967294,183
4294967294,164
4294967294,116
4294967294,168
4294967279,90
4294967279,86
4294967279,85
4294967294,457
4294967294,455
4294967294,425
4294967294,104
4294967294,106
4294967294,166
4294967294,24
4294967294,189
4294967294,184
4294967294,384
4294967294,103
4294967294,102
4294967294,101
4294967294,100
4294967278,175
4294967294,97
4294967278,328
4294967294,98
4294967294,57
4294967294,56
4294967294,55
4294967294,66
4294967294,65
4294967294,64
4294967294,63
4294967294,62
4294967279,176
4294967294,61
4294967278,327
4294967279,400
4294967278,326
4294967279,399
4294967278,325
4294967279,398
4294967279,260
4294967279,0
4294967294,15
4294967294,50
4294967278,37
4294967278,36
4294967278,35
4294967278,34
4294967278,33
4294967278,32
4294967278,30
4294967278,29
4294967278,28
4294967278,27
4294967278,26
4294967278,25
4294967278,24
4294967278,23
4294967278,22
4294967278,21
4294967278,20
4294967278,19
4294967278,18
4294967278,17
4294967278,16
4294967278,15
4294967278,14
4294967278,13
4294967278,12
4294967278,11
4294967278,10
4294967278,9
4294967278,8
4294967278,7
4294967278,6
4294967278,5
4294967278,4
4294967279,132
4294967279,131
4294967279,130
4294967279,129
4294967279,128
4294967279,127
4294967279,126
4294967279,125
4294967279,124
4294967279,123
4294967279,122
4294967279,121
4294967279,120
4294967279,119
4294967279,118
4294967279,117
4294967279,116
4294967279,24
4294967279,22
4294967279,21
4294967279,19
4294967279,17
4294967279,290
4294967279,15
4294967279,13
4294967279,283
4294967279,11
4294967279,282
4294967278,324
4294967279,397
4294967278,169
4294967278,323
4294967279,396
4294967278,167
4294967278,166
4294967278,322
4294967279,395
4294967278,164
4294967278,163
4294967278,321
4294967279,394
4294967278,161
4294967294,22
4294967278,160
4294967279,161
4294967278,159
31,5
4294967279,160
31,4
4294967278,158
31,3
31,2
31,1
4294967278,320
4294967278,260
4294967278,0
4294967279,159
4294967278,157
4294967279,158
4294967278,156
4294967279,156
30,5
4294967278,155
30,4
4294967279,155
30,3
30,2
30,1
4294967279,393
4294967278,154
4294967294,1015
4294967294,1179
4294967279,154
4294967278,153
4294967279,153
4294967278,152
29,5
4294967279,152
29,4
4294967278,151
29,3
29,2
29,1
4294967278,288
4294967279,151
4294967294,1102
4294967278,150
4294967279,150
4294967278,149
4294967279,149
28,5
4294967278,148
28,4
4294967279,148
28,3
28,2
28,1
4294967279,296
4294967278,147
4294967279,147
4294967278,31
4294967278,146
4294967279,146
4294967278,145
27,5
4294967279,145
27,4
4294967278,144
27,3
27,2
27,1
4294967278,287
4294967279,144
4294967294,1359
4294967294,120
4294967294,388
4294967294,387
4294967278,143
4294967279,143
4294967278,142
4294967279,142
26,5
4294967278,141
26,4
4294967279,141
26,3
26,2
26,1
4294967279,295
4294967278,140
4294967294,38
4294967294,37
4294967294,36
4294967294,40
4294967294,1358
4294967294,0
4294967294,390
4294967294,430
4294967279,140
4294967294,17
4294967294,99
4294967294,76
4294967294,41
4294967278,139
4294967279,139
4294967278,138
25,4
4294967279,279
25,3
25,2
25,1
4294967279,278
4294967278,276
4294967279,137
4294967278,136
4294967279,136
4294967278,135
24,4
4294967279,135
24,3
24,2
24,1
4294967279,134
4294967278,134
4294967279,133
4294967278,133
4294967279,293
4294967278,272
23,4
4294967279,292
23,3
23,2
23,1
4294967279,392
4294967278,271
4294967279,274
4294967294,107
4294967294,469
4294967278,270
4294967294,7
4294967279,273
4294967294,94
4294967294,93
4294967294,96
4294967294,95
4294967278,269
22,4
4294967279,272
22,3
22,2
22,1
4294967279,391
4294967278,268
4294967294,8
0,7
4294967294,46
4294967294,115
4294967294,2
4294967294,393
4294967294,45
4294967294,44
4294967294,426
4294967294,53
4294967294,417
4294967294,51
